0.38418
0.52342
0.61234
0.67816
0.73006
0.76297
0.79304
0.81392
0.83576
0.8519
0.86297
0.87373
0.88576
0.8962
0.9019
0.91013
0.91614
0.92215
0.92848
0.93386
0.93734
0.94114
0.94557
0.94842
0.95253
0.95443
0.95696
0.95918
0.96297
0.96456
0.96582
0.96772
0.96867
0.97089
0.9712
0.97247
0.97373
0.97437
0.97532
0.9769
0.97911
0.97975
0.9807
0.98101
0.98165
0.98196
0.98323
0.98354
0.98354
0.98418
0.98481
0.98481
0.98544
0.98544
0.98576
0.98576
0.98608
0.98671
0.98703
0.98703
0.98766
0.98766
0.98797
0.98829
0.98829
0.98829
0.98861
0.98924
0.98956
0.98987
0.99019
0.99051
0.99051
0.99051
0.99114
0.99114
0.99146
0.99177
0.99177
0.99177
0.99177
0.99177
0.99177
0.99209
0.99209
0.99209
0.99209
0.99209
0.99209
0.99209
0.99241
0.99272
0.99272
0.99304
0.99304
0.99335
0.99367
0.99399
0.99399
0.99399
0.99399
0.99399
0.99399
0.9943
0.99462
0.99462
0.99494
0.99494
0.99525
0.99525
0.99557
0.99589
0.99589
0.99589
0.99589
0.99589
0.99589
0.9962
0.9962
0.9962
0.99652
0.99652
0.99652
0.99684
0.99684
0.99684
0.99684
0.99684
0.99684
0.99684
0.99684
0.99684
0.99715
0.99715
0.99747
0.99747
0.99747
0.99778
0.99778
0.99778
0.99778
0.99778
0.99778
0.99778
0.99778
0.99778
0.99778
0.99778
0.99778
0.99778
0.99778
0.99778
0.99778
0.99778
0.99778
0.99778
0.99778
0.99778
0.99778
0.9981
0.9981
0.9981
0.9981
0.9981
0.9981
0.9981
0.9981
0.9981
0.9981
0.9981
0.9981
0.9981
0.99842
0.99842
0.99842
0.99842
0.99842
0.99842
0.99842
0.99842
0.99842
0.99842
0.99842
0.99842
0.99842
0.99842
0.99842
0.99873
0.99873
0.99873
0.99873
0.99873
0.99873
0.99873
0.99873
0.99873
0.99873
0.99873
0.99873
0.99873
0.99873
0.99873
0.99873
0.99873
0.99873
0.99873
0.99873
0.99873
0.99873
0.99873
0.99873
0.99873
0.99873
0.99873
0.99873
0.99873
0.99873
0.99873
0.99873
0.99873
0.99873
0.99873
0.99873
0.99905
0.99905
0.99905
0.99905
0.99905
0.99905
0.99905
0.99905
0.99905
0.99937
0.99937
0.99937
0.99937
0.99937
0.99937
0.99937
0.99968
0.99968
0.99968
0.99968
0.99968
0.99968
0.99968
1
1
1
1
1
1
1
1
1
1
1
1
1
1
1
1
1
1
1
1
1
1
1
1
1
1
1
1
1
1
1
1
1
1
1
1
1
1
1
1
1
1
1
1
1
1
1
1
1
1
1
1
1
1
1
1
1
1
1
1
1
1
1
1
1
1
1
1
1
1
