0.1943
0.26582
0.31709
0.35
0.38196
0.40506
0.42595
0.44652
0.46076
0.47215
0.48544
0.49873
0.50981
0.5212
0.53703
0.55063
0.56361
0.5712
0.5788
0.58544
0.59304
0.6
0.60949
0.61677
0.62785
0.63797
0.64209
0.64873
0.6557
0.66013
0.66614
0.6712
0.67722
0.68196
0.68734
0.69082
0.69462
0.69778
0.70158
0.70696
0.71044
0.71392
0.71519
0.72025
0.72437
0.7269
0.7288
0.73323
0.73608
0.73956
0.74177
0.7443
0.74715
0.74937
0.75063
0.75285
0.75601
0.75918
0.76076
0.76234
0.76519
0.76614
0.76835
0.77057
0.77184
0.7731
0.775
0.77753
0.78006
0.78291
0.78481
0.78703
0.78861
0.79272
0.79557
0.79778
0.80063
0.8019
0.80316
0.80443
0.80601
0.80854
0.81139
0.81203
0.81297
0.81456
0.81614
0.81804
0.81994
0.82184
0.8231
0.82437
0.82595
0.82785
0.82816
0.82911
0.83165
0.83291
0.83386
0.83608
0.83797
0.84019
0.84114
0.84335
0.84367
0.84589
0.84747
0.84873
0.85
0.85253
0.85348
0.85411
0.85475
0.85759
0.85949
0.86076
0.86234
0.86297
0.86329
0.86551
0.86582
0.86741
0.86899
0.86962
0.87025
0.87184
0.8731
0.87373
0.87373
0.87468
0.87563
0.87785
0.87848
0.88006
0.88006
0.8807
0.88196
0.88291
0.88323
0.88513
0.88671
0.88797
0.88924
0.89051
0.89177
0.89241
0.89304
0.89494
0.89589
0.89652
0.89873
0.89905
0.90032
0.90158
0.90285
0.90411
0.90538
0.90601
0.90696
0.90759
0.90886
0.90949
0.91044
0.91076
0.91139
0.91266
0.91329
0.91519
0.91614
0.91646
0.91741
0.91772
0.91867
0.9193
0.92025
0.92089
0.92247
0.9231
0.92405
0.92532
0.9269
0.92753
0.92816
0.92848
0.93038
0.93165
0.93259
0.93323
0.93354
0.93481
0.93544
0.93608
0.93703
0.93734
0.93861
0.93924
0.93924
0.94019
0.94082
0.94146
0.94241
0.94335
0.94399
0.94525
0.94525
0.94557
0.9462
0.9462
0.94684
0.94684
0.94747
0.94842
0.94842
0.95
0.95
0.95095
0.95127
0.9519
0.95348
0.95443
0.95475
0.95538
0.95696
0.95728
0.95854
0.95949
0.95949
0.95981
0.96044
0.96108
0.96171
0.96203
0.96266
0.96297
0.96329
0.96329
0.96392
0.96519
0.96614
0.96709
0.96804
0.96804
0.96867
0.96899
0.96962
0.96962
0.96994
0.97025
0.97089
0.97152
0.97215
0.97278
0.97278
0.9731
0.97437
0.975
0.97532
0.97627
0.97658
0.97722
0.97753
0.9788
0.9788
0.98006
0.98038
0.9807
0.98101
0.98133
0.98165
0.98228
0.98259
0.98259
0.98386
0.98418
0.98481
0.98513
0.98513
0.98576
0.98576
0.98639
0.98671
0.98671
0.98703
0.98734
0.98797
0.98797
0.98797
0.98829
0.98924
0.98987
0.99019
0.99051
0.99114
0.99241
0.99304
0.99367
0.9943
0.99494
0.99557
0.99589
0.99589
0.99589
0.99589
0.9962
0.9962
0.99715
0.99715
0.99747
0.99778
0.9981
0.99842
0.99873
0.99905
0.99937
0.99968
1
