0.21899
0.29146
0.34177
0.39209
0.41867
0.44019
0.45854
0.47468
0.49146
0.51139
0.53006
0.54652
0.56108
0.56899
0.58354
0.59589
0.60918
0.62025
0.63101
0.63924
0.64589
0.6538
0.66203
0.66962
0.67658
0.68544
0.68892
0.69589
0.69905
0.70411
0.70918
0.71614
0.72215
0.72563
0.72943
0.73481
0.73924
0.74462
0.7481
0.7538
0.75665
0.76013
0.76456
0.76709
0.76962
0.77278
0.77627
0.77848
0.78038
0.78291
0.78481
0.78576
0.78797
0.79082
0.79272
0.79462
0.79652
0.79778
0.79905
0.80032
0.80127
0.80253
0.80538
0.80665
0.80759
0.81044
0.81234
0.81392
0.81519
0.81614
0.81835
0.8193
0.82089
0.8231
0.82595
0.82785
0.82975
0.83101
0.83291
0.83449
0.83544
0.83671
0.83956
0.83987
0.84114
0.84399
0.84462
0.8462
0.84715
0.84873
0.84937
0.85063
0.85222
0.8538
0.85475
0.85538
0.8557
0.8557
0.85728
0.85759
0.85918
0.85981
0.86076
0.86139
0.86234
0.86329
0.86424
0.86551
0.86709
0.86867
0.8693
0.87057
0.87278
0.87405
0.87468
0.875
0.87595
0.87722
0.87848
0.87943
0.87975
0.88165
0.88323
0.88323
0.88418
0.88544
0.88671
0.88766
0.88766
0.88797
0.88924
0.88987
0.89114
0.89335
0.89589
0.89652
0.89778
0.89842
0.89905
0.9
0.90095
0.90158
0.90222
0.9038
0.90411
0.90411
0.90601
0.90728
0.90823
0.90949
0.91108
0.91139
0.91361
0.91456
0.91487
0.91646
0.91772
0.91772
0.91835
0.91867
0.9193
0.91994
0.92152
0.9231
0.92405
0.925
0.92532
0.92595
0.92722
0.92816
0.92943
0.92943
0.93038
0.93101
0.93165
0.93354
0.93513
0.93544
0.93671
0.93797
0.93829
0.93924
0.94019
0.94051
0.94114
0.94177
0.94177
0.94272
0.94335
0.94462
0.94525
0.94589
0.94747
0.94842
0.94905
0.94968
0.94968
0.95
0.95158
0.95253
0.95316
0.9538
0.95475
0.95601
0.95633
0.95633
0.95759
0.95759
0.95759
0.95791
0.95854
0.95918
0.96044
0.96108
0.96139
0.96203
0.96297
0.96424
0.96487
0.96519
0.96551
0.96646
0.96677
0.96677
0.96741
0.96804
0.96899
0.9693
0.96962
0.97057
0.97184
0.97215
0.97278
0.97373
0.97405
0.97405
0.975
0.975
0.97563
0.97563
0.97627
0.9769
0.9769
0.9769
0.9769
0.9769
0.9769
0.97722
0.97785
0.97816
0.97816
0.97911
0.97943
0.97975
0.98038
0.98259
0.98259
0.98291
0.98386
0.98418
0.98481
0.98513
0.98513
0.98576
0.98608
0.98639
0.98703
0.98734
0.98766
0.98797
0.98797
0.98797
0.98829
0.98861
0.98892
0.98987
0.98987
0.99019
0.99019
0.99019
0.99082
0.99082
0.99082
0.99082
0.99082
0.99177
0.99177
0.99177
0.99241
0.99272
0.99304
0.99367
0.99367
0.99399
0.9943
0.99494
0.99525
0.9962
0.99652
0.99684
0.99684
0.99684
0.99747
0.99778
0.99778
0.99778
0.9981
0.9981
0.9981
0.9981
0.9981
0.99842
0.99873
0.99873
1
1
