0.35823
0.50095
0.59051
0.64873
0.69082
0.72057
0.74842
0.7693
0.79146
0.80854
0.82247
0.83671
0.84747
0.85886
0.86804
0.87278
0.87911
0.88671
0.89209
0.89873
0.90285
0.90665
0.91108
0.91519
0.91962
0.92468
0.92627
0.92975
0.93513
0.93861
0.94019
0.94146
0.94367
0.94684
0.9481
0.94968
0.95253
0.95506
0.95665
0.95823
0.95918
0.96044
0.96139
0.96234
0.96392
0.96487
0.96646
0.96646
0.96646
0.96741
0.96804
0.96867
0.97025
0.9712
0.97152
0.97247
0.97342
0.97437
0.97532
0.97595
0.97595
0.97595
0.97595
0.97722
0.97848
0.9788
0.97911
0.97943
0.97975
0.98006
0.98038
0.98165
0.98165
0.98196
0.98196
0.98196
0.98196
0.98259
0.98291
0.98291
0.98323
0.98354
0.98354
0.98386
0.98418
0.98449
0.98513
0.98576
0.98639
0.98639
0.98639
0.98671
0.98703
0.98797
0.98797
0.98829
0.98829
0.98829
0.98829
0.98861
0.98924
0.98956
0.98987
0.99019
0.99051
0.99051
0.99082
0.99082
0.99082
0.99082
0.99114
0.99114
0.99114
0.99114
0.99146
0.99209
0.99272
0.99272
0.99272
0.99304
0.99304
0.99335
0.99335
0.99335
0.99367
0.99399
0.99399
0.9943
0.9943
0.9943
0.9943
0.9943
0.9943
0.99462
0.99462
0.99462
0.99462
0.99462
0.99494
0.99494
0.99494
0.99494
0.99494
0.99494
0.99494
0.99525
0.99557
0.99557
0.99589
0.99589
0.99589
0.99589
0.99589
0.9962
0.9962
0.9962
0.9962
0.9962
0.9962
0.99652
0.99715
0.99715
0.99747
0.99747
0.99747
0.99747
0.99747
0.99747
0.99778
0.99778
0.99778
0.99778
0.99778
0.99778
0.99778
0.9981
0.9981
0.9981
0.9981
0.9981
0.9981
0.9981
0.9981
0.9981
0.9981
0.9981
0.9981
0.9981
0.9981
0.9981
0.9981
0.9981
0.99842
0.99842
0.99842
0.99842
0.99842
0.99842
0.99842
0.99842
0.99842
0.99873
0.99873
0.99873
0.99873
0.99873
0.99873
0.99873
0.99873
0.99873
0.99873
0.99873
0.99873
0.99873
0.99873
0.99873
0.99873
0.99873
0.99873
0.99905
0.99905
0.99905
0.99905
0.99937
0.99937
0.99937
0.99937
0.99937
0.99937
0.99937
0.99937
0.99968
0.99968
0.99968
0.99968
0.99968
0.99968
0.99968
0.99968
0.99968
0.99968
0.99968
0.99968
0.99968
0.99968
0.99968
0.99968
0.99968
0.99968
0.99968
0.99968
0.99968
0.99968
0.99968
0.99968
0.99968
0.99968
0.99968
0.99968
0.99968
0.99968
0.99968
0.99968
1
1
1
1
1
1
1
1
1
1
1
1
1
1
1
1
1
1
1
1
1
1
1
1
1
1
1
1
1
1
1
1
1
1
1
1
1
1
1
1
1
1
1
1
1
1
1
1
1
1
1
1
1
